N	D	L	T1	DR1	T2	DR2	T3	DR3	Tm	DRm
10	0.75	2.5	300.1321	1.240375587	300.6599	6.196244131	300.144	1.352112676	300.312	2.929577465
10	0.59	2.5	0	0	0	0	0	0	0	5.073
10	1.2 	1.7	300.081	0.7605633803	300.416	3.906103286	300.225	2.112676056	300.2406667	2.259780908
10	0.74 	1.7	0	0	0	0	0	0	0	3.72
10	1.7	0.8	300.088	0.8262910798	300.351	3.295774648	300.459	4.309859155	300.2993333	2.810641628
10	1.490	0.8	0	0	0	0	0	0	0	3.53
10	2.1	0	0	0	0	0	0	0	0	3.217527
10	2.1959	0	0	0	0	0	0	0	0	3.00
10	2.4	0	0	0	0	0	0	0	0	2.610328

